0.86298
0.88716
0.70178
0.61312
0.89522
0.60506
0.81462
0.7582
0.69372
0.82268
0.79044
0.80656
0.70178
0.75014
0.34714
0.95164
0.7582
0.79044
0.91134
0.64536
0.80656
0.77432
0.65342
0.000560000000000116
0.7179
0.81462
0.6373
0.2746
0.73402
0.89522
0.89522
0.75014
0.4358
0.82268
0.79044
0.79044
0.37132
0.81462
0.83074
0.50834
0.82268
0.78238
0.72596
0.74208
0.7582
0.70984
0.97582
0.6776
0.75014
0.73402
0.93552
0.58894
0.53252
0.84686
0.89522
0.7179
0.82268
0.69372
0.62118
0.68566
0.93552
0.84686
0.82268
0.81462
0.82268
0.91134
0.9194
0.86298
0.72596
0.6373
0.6373
0.7179
0.57282
0.84686
0.84686
0.77432
0.82268
0.1
0.50834
0.8791
0.8388
0.84686
0.20206
0.87104
0.8388
0.6776
0.9597
0.62118
0.84686
0.92746
0.84686
0.83074
0.73402
0.8791
0.7179
0.86298
0.84686
0.7582
0.70984
0.78238
0.82268
0.79044
0.91134
