0.425
0.375
0.75
0.425
0.65
0.3
0.825
0.4
0.825
0.8
0.3
0.9
0.875
0.45
0.35
0.875
0.675
0.875
0.6
0.575
0.7
0.725
0.05
0.7
0.65
0.9
0.725
0.675
0.425
0.275
0.5
0.2
0.8
0.925
1
0.575
0.7
0.6
0.7
0.45
0.85
0.75
1
0.725
0.7
0.8
0.55
0.9
0.575
0.725
0.675
0.55
0.4
0.4
0.55
0.875
0.775
0.775
0.625
0.45
0.3
0.675
1
0.975
0.375
0.55
0.375
0.4
0.775
0.7
0.45
0.5
0.55
0.825
0.825
0.625
0.925
0.8
0.925
1
0.45
0.75
0.525
0.425
0.975
0.475
0.6
0.8
0.625
0.725
0.325
0.8
0.925
0.5
0.725
0.525
0.825
0.525
0.675
0.575
0.6
0.475
0.525
0.825
0.5
0.8
0.675
0.7
0.4
0.65
0.7
0.73333333333
0.85
0.3
0.525
0.925
0.75
0.725
0.775
0.825
0.85
0.3
0.4
0.5
0.525
0.375
0.675
0.8
0.35
0.8
0.6
0.225
0.775
0.5
0.6
0.95
0.275
0.4
0.475
0.425
0.525
0.95
0.7
0.975
0.725
0.75
0.225
0.625
0.775
0.5
0.35
0.6
0.55
0.725
0.625
0.675
0.55
0.25
0.95
0.825
0.5
0.65
0.7
0.375
0.7
0.425
0.875
0.575
0.5
0.85
0.55
0.525
0.85
0.725
0.475
0.575
0.525
0.6
0.4
0.75
0.4
0.9
0.825
0.325
0.75
0.96666666667
0.9
0.7
0.3
0.625
0.65
0.875
0.7
0.85
0.35
0.475
1
0.575
0.775
0.6
0.675
0.775
0.6
0.525
0.5
0.625
0.575
0.825
0.7
0.55
0.525
0.575
0.55
0.75
0.825
0.675
0.825
0.725
0.6
0.475
0.35
0.675
0.475
0.825
0.575
0.075
0.9
0.875
0.75
0.775
0.9
0.75
0.475
0.55
0.7
0.775
0.625
0.925
0.75
0.825
0.6
0.45
0.75
0.675
0.5
0.575
0.475
0.375
0.525
0.6
0.475
0.675
0.625
0.76666666667
0.725
0.575
0.875
0.55
0.45
0.625
0.725
0.525
0.525
0.975
0.9
0.875
0.3
0.625
0.8
0.25
0.6
0.55
0.575
0.55
0.9
0.65
0.6
0.725
0.75
0.975
0.95
0.65
0.575
0.8
0.55
0.5
0.8
0.65
0.875
0.85
0.75
0.375
0.9
0.55
0.4
0.375
0.625
0.6
0.575
0.6
0.35
0.63333333333
0.5
0.85
0.425
0.4
0.85
0.55
0.63333333333
0.95
0.625
0.725
0.1
0.675
0.73333333333
0.575
0.55
0.775
0.225
0.55
0.625
0.7
0.5
0.65
0.225
0.675
0.575
0.95
0.7
0.7
0.9
0.5
0.575
0.875
0.75
0.3
1
0.625
0.25
0.475
0.4
0.4
0.725
0.65
0.45
0.55
0.5
0.8
0.725
0.575
0.8
0.725
0.55
0.45
0.6
0.85
0.1
0.525
0.825
0.525
0.8
0.775
0.6
0.65
0.525
0.7
0.675
0.475
0.275
0.425
0.75
0.475
0.775
0.45
0.825
0.85
0.75
0.675
0.9
0.725
0.675
0.95
0.65
0.65
0.55
0.525
0.825
0.475
0.575
0.625
0.625
0.525
0.7
0.575
0.475
0.7
0.5
0.7
0.675
0.925
0.45
0.225
0.35
0.8
0.675
0.65
0.65
0.55
0.475
0.525
0.4
0.575
0.475
0.7
0.33333333333
0.825
0.375
0.925
0.55
0.075
1
0.15
0.525
0.1
0.75
0.675
0.55
0.525
0.375
0.8
0.5
0.5
0.775
0.7
0.575
0.95
0.125
0.525
0.73333333333
0.5
0.6
1
0.075
0.8
0.875
0.7
0.55
0.625
0.8
0.45
0.45
0.625
0.45
0.575
0.3
0.75
0.525
0.45
0.8
0.5
0.525
0.3
0.9
0.825
0.65
0.775
0.55
0.55
0.2
0.475
0.6
0.425
0.45
0.375
0.85
0.95
0.6
0.5
0.65
0.575
0.775
0.775
0.85
0.625
0.725
0.825
0.75
0.575
0.5
1
0.65
0.6
0.65
0.675
0.675
0.825
0.65
0.6
0.55
1
0.65
0.375
0.55
0.55
0.55
0.4
0.5
0.725
0.825
0.425
0.675
0.375
0.525
0.675
0.725
0.575
0.675
0.625
0.5
0.6
0.6
0.65
0.875
0.525
0.76666666667
0.425
0.775
0.7
0.425
0.775
0.5
0.8
0.525
0.825
0.6
0.5
0.35
0.35
0.8
0.75
0.525
0.5
0.725
0.725
0.55
0.75
0.65
0.325
0.6
0.4
0.5
0.375
0.575
0.575
0.975
0.8
0.5
0.625
0.46666666667
0.16666666667
0.575
0.45
0.675
0.5
0.6
0.675
0.6
0.375
0.7
0.4
0.3
0.35
0.875
0.55
0.525
0.125
0.6
0.9
0.675
0.25
0.725
0.5
0.9
0.775
0.875
0.525
0.4
0.775
0.8
0.7
0.925
0.625
0.65
0.6
0.825
0.975
0
0.225
0.7
1
0.675
0.5
0.375
0
0.575
0.925
0.625
0.8
0.575
0.5
0.775
0.6
0.95
0.66666666667
0.775
0.625
0.8
0.3
0.9
0.6
0.8
0.425
0.55
0.375
0.3
0.3
0.7
0.475
0.45
0.775
0.775
0.725
0.9
0.775
0.675
0.475
0.9
0.7
0.725
0.63333333333
0.475
0.525
0.55
0.4
0.76666666667
0.675
0.66666666667
0.55
0.95
0.525
0.675
0.525
0.25
0.5
0.325
0.525
0.775
0.6
0.35
0.65
0.725
0.775
1
0.625
0.625
0.45
0.6
0.65
0.35
0.8
0.8
0.475
0.8
0.775
0.75
0.45
0.6
0.6
0.3
0.55
0.55
0.675
0.725
0.625
0.725
0.525
0.475
0.3
0.8
0.15
0.625
0.475
0.775
0.65
0.675
0.6
0.375
0.65
0.525
0.375
0.6
0.6
0.725
0.55
0.775
0.45
0.3
0.825
0.7
0.7
0.575
0.525
0.275
0.3
0.65
0.65
0.575
0.6
0.725
0.15
0.55
0.525
0.425
0.35
0.725
0.75
0.675
0.65
0.7
0.625
1
0.575
0.625
0.65
0.75
0.65
0.825
0.5
0.2
0.525
0.8
0
0.65
0.725
0.6
0.8
0.775
0.75
0.7
0.575
0.65
0.775
0.675
0.75
0.65
0.475
0.475
0.75
0.575
0.7
0.425
0.5
0.6
0.875
0.875
0.35
0.9
0.9
1
0.625
0.75
0.725
0.6
0.9
0.4
0.525
0.625
0.575
0.85
0.675
0.375
0.95
0.525
0.7
0.625
0.45
0.45
0.525
0.525
0.5
0.85
0.75
0.85
0.475
0.35
0.825
0.675
0.775
0.725
1
0.6
0.625
0.8
0.8
0.55
0.8
0.675
0.75
0.575
0.7
0.625
0.575
0.725
0.75
0.75
0.6
1
0.65
0.7
0.75
0.625
0.7
1
0.85
0.575
0.725
0.825
0.8
0.95
0.9
0.8
0.5
0.95
0.475
0.9
0.975
0.725
0.775
0.75
0.6
0.725
0.46666666667
0.675
0.7
0.5
0.35
0.725
0.625
0.875
0.875
0.55
0.775
0.625
0.225
0.6
0.725
0.475
0.6
0.65
0.55
0.45
0.75
0.65
0.275
1
0.4
0.675
0.5
0.6
0.3
0.7
0.575
0.7
1
0.1
0.725
0.6
0.325
0.6
0.775
0.25
0.475
0.575
0.85
0.4
0.65
0.275
0.85
0.525
0.7
0.7
0.75
0.425
0.8
0.725
0.525
0.625
0.25
0.6
0.725
0.7
0.55
0.65
0.425
0.425
0.675
0.5
0.575
0.75
0.425
0.8
0.9
0.6
0.35
0.575
0.3
0.725
0.5
0.475
0.5
0.375
0.56666666667
0.475
0.75
0.675
0.8
0.26666666667
1
0.5
0.4
0.7
0.625
0.7
0.9
0.575
0.825
0.875
0.575
1
0.675
0.4
0.25
0.55
0.675
0.6
0.525
0.775
0.7
1
0.55
0.525
0.75
0.525
0.45
0.575
0.925
0.6
0.675
0.725
0.7
0.5
0.825
0.65
0.9
0.35
0.625
0.6
0.825
0.45
0.75
0.75
0.85
0.775
0.675
0.45
0.6
0.5
0.75
0.375
1
0.4
0.475
0.6
0.65
0.8
0.825
1
0.975
0.825
0.85
0.8
0.3
0.55
0.45
0.6
0.575
0.325
0.825
0.6
0.7
0.55
0.75
0.1
0.7
0.6
0.575
0.225
0.625
0.65
0.325
0.625
0.375
0.85
0.8
0.3
0.6
0.475
0.65
0.45
0.775
0.725
0.925
0.7
0.7
0.475
0.625
0.55
0.575
0.6
0.5
0.95
0.8
0.925
0.3
0.6
0.45
0.7
0.55
0.825
0.95
0.625
0.8
0.8
0.825
0.975
0.775
0.85
0.6
0.65
0.825
0.5
0.6
0.65
0.8
0.7
0.35
0.725
0.675
0.75
0.4
0.425
0.8
0.45
0.25
0.6
0.8
0.7
0.925
0.625
0.525
0.425
0.55
0.725
0.6
0.4
0.95
0.575
0.625
0.4
0.775
0.7
0.625
0.875
0.65
0.225
0.475
0.675
0.875
0.65
0.5
0.475
0.9
0.375
0.825
0.8
0.6
0.775
0.625
0.85
0.725
0.525
0.825
0.825
0.975
0.775
0.35
0.675
1
0.75
0.6
0.825
0.625
0.85
0.825
1
0.825
0.4
0.65
0.875
0.95
0.775
0.525
0.725
0.9
0.5
0.575
0
0.7
0.875
0.475
0.725
0.8
0.675
0.4
0.9
0.575
0.25
0.65
0.375
0.725
0.75
0.725
0.825
0.55
1
0.725
0.75
0.675
0.525
0.8
0.6
0.7
0.125
0.65
0.725
0.775
0.675
0.625
0.575
0.325
0.7
0.75
0.675
0.5
0.7
0.5
0.53333333333
0.4
0.8
0.525
0.775
0.5
0.8
0.825
0.85
0.725
0.7
0.65
0.5
0.525
0.475
0.8
0.9
0.625
0.85
0.825
0.875
0.575
0.575
0.85
0.725
0.45
0.525
0.425
0.1
0.375
0.425
0.725
0.73333333333
0.7
0.75
0.6
0.775
0.775
0.35
0.6
0.8
0.95
0.85
0.85
1
0.8
0.925
0.7
1
0.6
0.9
0.825
0.875
0.9
0.93333333333
1
0.65
0.8
0.95
0.775
0.925
1
0.375
0.625
0.8
0.775
0.675
0.4
0.875
0.7
0.625
0.9
0.525
0.85
0.65
1
0.45
0.125
0.55
0.675
0.725
0.5
1
0.875
0.825
0.75
0.45
0.675
0.675
0.525
0.55
0.725
0.7
0.45
0.5
0.9
0.475
0.325
0.7
0.3
0.8
0.75
0.725
0.475
0.875
0.775
0.75
0.175
0.575
0.35
0.7
0.675
0.53333333333
0.3
0.275
0.7
0.375
0.625
0.775
0.575
0.55
0.425
0.55
0.875
0.7
0.675
1
0.675
0.55
0.525
0.675
0.9
0.6
0.85
0.65
0.55
0.65
0.475
0.7
0.55
0.05
0.625
0.65
0.475
0.475
0.5
0.5
0.75
0.5
0.875
0.8
0.425
